0
1.5
0
0.5
0
0
0
0
0
0
0
0
1.49608
0
0.496076
0
0
0
-0.1962
0
0
0
0
1.48823
0
0.488228
0
0
0
-0.3924
0
0
0
0
1.47646
0
0.476456
0
0
0
-0.5886
0
0
0
0
1.46076
0
0.46076
0
0
0
-0.7848
0
0
0
0
1.44114
0
0.44114
0
0
0
-0.981
0
0
0
0
1.4176
0
0.417596
0
0
0
-1.1772
0
0
0
0
1.39013
0
0.390128
0
0
0
-1.3734
0
0
0
0
1.35874
0
0.358736
0
0
0
-1.5696
0
0
0
0
1.32342
0
0.32342
0
0
0
-1.7658
0
0
0
0
1.28418
0
0.28418
0
0
0
-1.962
0
0
0
0
1.24102
0
0.241016
0
0
0
-2.1582
0
0
0
0
1.19393
0
0.193928
0
0
0
-2.3544
0
0
0
0
1.14292
0
0.142916
0
0
0
-2.5506
0
0
0
0
1.08798
0
0.08798
0
0
0
-2.7468
0
0
0.01202
0
1.02912
0
0.02912
0
0
0
-2.943
0
0
0.07088
0
0.966336
0
0
0
0.033664
0
-3.1392
0
29.43
0.066336
0
0.9114
0
0
0
0.033664
0
-2.7468
0
29.43
0.066336
0
0.864312
0
0
0
0.033664
0
-2.3544
0
29.43
0.066336
0
0.825072
0
0
0
0.033664
0
-1.962
0
29.43
0.066336
0
0.79368
0
0
0
0.033664
0
-1.5696
0
29.43
0.066336
0
0.770136
0
0
0
0.033664
0
-1.1772
0
29.43
0.066336
0
0.75444
0
0
0
0.033664
0
-0.7848
0
29.43
0.066336
0
0.746592
0
0
0
0.033664
0
-0.3924
0
29.43
0.066336
0
0.746592
0
0
0
0.033664
0
-1.44329e-15
0
29.43
0.066336
0
0.75444
0
0
0
0.033664
0
0.3924
0
29.43
0.066336
0
0.770136
0
0
0
0.033664
0
0.7848
0
29.43
0.066336
0
0.79368
0
0
0
0.033664
0
1.1772
0
29.43
0.066336
0
0.825072
0
0
0
0.033664
0
1.5696
0
29.43
0.066336
0
0.864312
0
0
0
0.033664
0
1.962
0
29.43
0.066336
0
0.9114
0
0
0
0.033664
0
2.3544
0
29.43
0.066336
0
0.966336
0
0
0
0.033664
0
2.7468
0
29.43
0.066336
0
1.02912
0
0.02912
0
0
0
3.1392
0
0
0.07088
0
1.08798
0
0.08798
0
0
0
2.943
0
0
0.01202
0
1.14292
0
0.142916
0
0
0
2.7468
0
0
0
0
1.19393
0
0.193928
0
0
0
2.5506
0
0
0
0
1.24102
0
0.241016
0
0
0
2.3544
0
0
0
0
1.28418
0
0.28418
0
0
0
2.1582
0
0
0
0
1.32342
0
0.32342
0
0
0
1.962
0
0
0
0
1.35874
0
0.358736
0
0
0
1.7658
0
0
0
0
1.39013
0
0.390128
0
0
0
1.5696
0
0
0
0
1.4176
0
0.417596
0
0
0
1.3734
0
0
0
0
1.44114
0
0.44114
0
0
0
1.1772
0
0
0
0
1.46076
0
0.46076
0
0
0
0.981
0
0
0
0
1.47646
0
0.476456
0
0
0
0.7848
0
0
0
0
1.48823
0
0.488228
0
0
0
0.5886
0
0
0
0
1.49608
0
0.496076
0
0
0
0.3924
0
0
0
0
1.5
0
0.5
0
0
0
0.1962
0
0
0
0
1.5
0
0.5
0
0
0
-2.60902e-15
0
0
0
0
1.49608
0
0.496076
0
0
0
-0.1962
0
0
0
0
1.48823
0
0.488228
0
0
0
-0.3924
0
0
0
0
1.47646
0
0.476456
0
0
0
-0.5886
0
0
0
0
1.46076
0
0.46076
0
0
0
-0.7848
0
0
0
0
1.44114
0
0.44114
0
0
0
-0.981
0
0
0
0
1.4176
0
0.417596
0
0
0
-1.1772
0
0
0
0
1.39013
0
0.390128
0
0
0
-1.3734
0
0
0
0
1.35874
0
0.358736
0
0
0
-1.5696
0
0
0
0
1.32342
0
0.32342
0
0
0
-1.7658
0
0
0
0
1.28418
0
0.28418
0
0
0
-1.962
0
0
0
0
1.24102
0
0.241016
0
0
0
-2.1582
0
0
0
0
1.19393
0
0.193928
0
0
0
-2.3544
0
0
0
0
1.14292
0
0.142916
0
0
0
-2.5506
0
0
0
0
1.08798
0
0.08798
0
0
0
-2.7468
0
0
0.01202
0
1.02912
0
0.02912
0
0
0
-2.943
0
0
0.07088
0
0.966336
0
0
0
0.033664
0
-3.1392
0
29.43
0.066336
0
0.9114
0
0
0
0.033664
0
-2.7468
0
29.43
0.066336
0
0.864312
0
0
0
0.033664
0
-2.3544
0
29.43
0.066336
0
0.825072
0
0
0
0.033664
0
-1.962
0
29.43
0.066336
0
0.79368
0
0
0
0.033664
0
-1.5696
0
29.43
0.066336
0
0.770136
0
0
0
0.033664
0
-1.1772
0
29.43
0.066336
0
0.75444
0
0
0
0.033664
0
-0.7848
0
29.43
0.066336
0
0.746592
0
0
0
0.033664
0
-0.3924
0
29.43
0.066336
0
0.746592
0
0
0
0.033664
0
-4.10783e-15
0
29.43
0.066336
0
0.75444
0
0
0
0.033664
0
0.3924
0
29.43
0.066336
0
0.770136
0
0
0
0.033664
0
0.7848
0
29.43
0.066336
0
0.79368
0
0
0
0.033664
0
1.1772
0
29.43
0.066336
0
0.825072
0
0
0
0.033664
0
1.5696
0
29.43
0.066336
0
0.864312
0
0
0
0.033664
0
1.962
0
29.43
0.066336
0
0.9114
0
0
0
0.033664
0
2.3544
0
29.43
0.066336
0
0.966336
0
0
0
0.033664
0
2.7468
0
29.43
0.066336
0
1.02912
0
0.02912
0
0
0
3.1392
0
0
0.07088
0
1.08798
0
0.08798
0
0
0
2.943
0
0
0.01202
0
1.14292
0
0.142916
0
0
0
2.7468
0
0
0
0
1.19393
0
0.193928
0
0
0
2.5506
0
0
0
0
1.24102
0
0.241016
0
0
0
2.3544
0
0
0
0
1.28418
0
0.28418
0
0
0
2.1582
0
0
0
0
1.32342
0
0.32342
0
0
0
1.962
0
0
0
0
1.35874
0
0.358736
0
0
0
1.7658
0
0
0
0
1.39013
0
0.390128
0
0
0
1.5696
0
0
0
0
1.4176
0
0.417596
0
0
0
1.3734
0
0
0
0
1.44114
0
0.44114
0
0
0
1.1772
0
0
0
0
1.46076
0
0.46076
0
0
0
0.981
0
0
0
0
1.47646
0
0.476456
0
0
0
0.7848
0
0
0
0
1.48823
0
0.488228
0
0
0
0.5886
0
0
0
0
1.49608
0
0.496076
0
0
0
0.3924
0
0
0
0
1.5
0
0.5
0
0
0
0.1962
0
0
0
0
1.5
0
0.5
0
0
0
-5.27356e-15
0
0
0
0
1.49608
0
0.496076
0
0
0
-0.1962
0
0
0
0
1.48823
0
0.488228
0
0
0
-0.3924
0
0
0
0
1.47646
0
0.476456
0
0
0
-0.5886
0
0
0
0
1.46076
0
0.46076
0
0
0
-0.7848
0
0
0
0
1.44114
0
0.44114
0
0
0
-0.981
0
0
0
0
1.4176
0
0.417596
0
0
0
-1.1772
0
0
0
0
1.39013
0
0.390128
0
0
0
-1.3734
0
0
0
0
1.35874
0
0.358736
0
0
0
-1.5696
0
0
0
0
1.32342
0
0.32342
0
0
0
-1.7658
0
0
0
0
1.28418
0
0.28418
0
0
0
-1.962
0
0
0
0
1.24102
0
0.241016
0
0
0
-2.1582
0
0
0
0
1.19393
0
0.193928
0
0
0
-2.3544
0
0
0
0
1.14292
0
0.142916
0
0
0
-2.5506
0
0
0
0
1.08798
0
0.08798
0
0
0
-2.7468
0
0
0.01202
0
1.02912
0
0.02912
0
0
0
-2.943
0
0
0.07088
0
0.966336
0
0
0
0.033664
0
-3.1392
0
29.43
0.066336
0
0.9114
0
0
0
0.033664
0
-2.7468
0
29.43
0.066336
0
0.864312
0
0
0
0.033664
0
-2.3544
0
29.43
0.066336
0
0.825072
0
0
0
0.033664
0
-1.962
0
29.43
0.066336
0
0.79368
0
0
0
0.033664
0
-1.5696
0
29.43
0.066336
0
0.770136
0
0
0
0.033664
0
-1.1772
0
29.43
0.066336
0
0.75444
0
0
0
0.033664
0
-0.7848
0
29.43
0.066336
0
0.746592
0
0
0
0.033664
0
-0.3924
0
29.43
0.066336
0
0.746592
0
0
0
0.033664
0
-6.77236e-15
0
29.43
0.066336
0
0.75444
0
0
0
0.033664
0
0.3924
0
29.43
0.066336
0
0.770136
0
0
0
0.033664
0
0.7848
0
29.43
0.066336
0
0.79368
0
0
0
0.033664
0
1.1772
0
29.43
0.066336
0
0.825072
0
0
0
0.033664
0
1.5696
0
29.43
0.066336
0
0.864312
0
0
0
0.033664
0
1.962
0
29.43
0.066336
0
0.9114
0
0
0
0.033664
0
2.3544
0
29.43
0.066336
0
0.966336
0
0
0
0.033664
0
2.7468
0
29.43
0.066336
0
1.02912
0
0.02912
0
0
0
3.1392
0
0
0.07088
0
1.08798
0
0.08798
0
0
0
2.943
0
0
0.01202
0
1.14292
0
0.142916
0
0
0
2.7468
0
0
0
0
1.19393
0
0.193928
0
0
0
2.5506
0
0
0
0
1.24102
0
0.241016
0
0
0
2.3544
0
0
0
0
1.28418
0
0.28418
0
0
0
2.1582
0
0
0
0
1.32342
0
0.32342
0
0
0
1.962
0
0
0
0
1.35874
0
0.358736
0
0
0
1.7658
0
0
0
0
1.39013
0
0.390128
0
0
0
1.5696
0
0
0
0
1.4176
0
0.417596
0
0
0
1.3734
0
0
0
0
1.44114
0
0.44114
0
0
0
1.1772
0
0
0
0
1.46076
0
0.46076
0
0
0
0.981
0
0
0
0
1.47646
0
0.476456
0
0
0
0.7848
0
0
0
0
1.48823
0
0.488228
0
0
0
0.5886
0
0
0
0
1.49608
0
0.496076
0
0
0
0.3924
0
0
0
0
1.5
0
0.5
0
0
0
0.1962
0
0
0
0
1.5
0
0.5
0
0
0
-7.93809e-15
0
0
0
0
1.49608
0
0.496076
0
0
0
-0.1962
0
0
0
0
1.48823
0
0.488228
0
0
0
-0.3924
0
0
0
0
1.47646
0
0.476456
0
0
0
-0.5886
0
0
0
0
1.46076
0
0.46076
0
0
0
-0.7848
0
0
0
0
1.44114
0
0.44114
0
0
0
-0.981
0
0
0
0
1.4176
0
0.417596
0
0
0
-1.1772
0
0
0
0
1.39013
0
0.390128
0
0
0
-1.3734
0
0
0
0
1.35874
0
0.358736
0
0
0
-1.5696
0
0
0
0
1.32342
0
0.32342
0
0
0
-1.7658
0
0
0
0
1.28418
0
0.28418
0
0
0
-1.962
0
0
0
0
1.24102
0
0.241016
0
0
0
-2.1582
0
0
0
0
1.19393
0
0.193928
0
0
0
-2.3544
0
0
0
0
1.14292
0
0.142916
0
0
0
-2.5506
0
0
0
0
1.08798
0
0.08798
0
0
0
-2.7468
0
0
0.01202
0
1.02912
0
0.02912
0
0
0
-2.943
0
0
0.07088
0
0.966336
0
0
0
0.033664
0
-3.1392
0
29.43
0.066336
0
0.9114
0
0
0
0.033664
0
-2.7468
0
29.43
0.066336
0
0.864312
0
0
0
0.033664
0
-2.3544
0
29.43
0.066336
0
0.825072
0
0
0
0.033664
0
-1.962
0
29.43
0.066336
0
0.79368
0
0
0
0.033664
0
-1.5696
0
29.43
0.066336
0
0.770136
0
0
0
0.033664
0
-1.1772
0
29.43
0.066336
0
0.75444
0
0
0
0.033664
0
-0.7848
0
29.43
0.066336
0
0.746592
0
0
0
0.033664
0
-0.3924
0
29.43
0.066336
0
0.746592
0
0
0
0.033664
0
-9.4369e-15
0
29.43
0.066336
0
0.75444
0
0
0
0.033664
0
0.3924
0
29.43
0.066336
0
0.770136
0
0
0
0.033664
0
0.7848
0
29.43
0.066336
0
0.79368
0
0
0
0.033664
0
1.1772
0
29.43
0.066336
0
0.825072
0
0
0
0.033664
0
1.5696
0
29.43
0.066336
0
0.864312
0
0
0
0.033664
0
1.962
0
29.43
0.066336
0
0.9114
0
0
0
0.033664
0
2.3544
0
29.43
0.066336
0
0.966336
0
0
0
0.033664
0
2.7468
0
29.43
0.066336
0
1.02912
0
0.02912
0
0
0
3.1392
0
0
0.07088
0
1.08798
0
0.08798
0
0
0
2.943
0
0
0.01202
0
1.14292
0
0.142916
0
0
0
2.7468
0
0
0
0
1.19393
0
0.193928
0
0
0
2.5506
0
0
0
0
1.24102
0
0.241016
0
0
0
2.3544
0
0
0
0
1.28418
0
0.28418
0
0
0
2.1582
0
0
0
0
1.32342
0
0.32342
0
0
0
1.962
0
0
0
0
1.35874
0
0.358736
0
0
0
1.7658
0
0
0
0
1.39013
0
0.390128
0
0
0
1.5696
0
0
0
0
1.4176
0
0.417596
0
0
0
1.3734
0
0
0
0
1.44114
0
0.44114
0
0
0
1.1772
0
0
0
0
1.46076
0
0.46076
0
0
0
0.981
0
0
0
0
1.47646
0
0.476456
0
0
0
0.7848
0
0
0
0
1.48823
0
0.488228
0
0
0
0.5886
0
0
0
0
1.49608
0
0.496076
0
0
0
0.3924
0
0
0
0
1.5
0
0.5
0
0
0
0.1962
0
0
0
0
1.5
0
0.5
0
0
0
-1.06026e-14
0
0
0
0
1.49608
0
0.496076
0
0
0
-0.1962
0
0
0
0
1.48823
0
0.488228
0
0
0
-0.3924
0
0
0
0
1.47646
0
0.476456
0
0
0
-0.5886
0
0
0
0
1.46076
0
0.46076
0
0
0
-0.7848
0
0
0
0
1.44114
0
0.44114
0
0
0
-0.981
0
0
0
0
1.4176
0
0.417596
0
0
0
-1.1772
0
0
0
0
1.39013
0
0.390128
0
0
0
-1.3734
0
0
0
