0
3.14159
0
2.8
0
0
0
7.87301e-20
3.19759
3.9365e-18
2.8
0
0
0
-3.59368e-05
3.25327
-0.00179684
2.78404
0
0
0
-0.000142844
3.30832
-0.00534535
2.75233
0
0
0
-0.000353846
3.36243
-0.0105501
2.70526
0
0
0
-0.000699281
3.41529
-0.0172717
2.64339
0
0
0
-0.00120599
3.46664
-0.0253353
2.56747
0
0
0
-0.00189681
3.51621
-0.0345413
2.47832
0
0
0
-0.00279033
3.56375
-0.0446761
2.37688
0
0
0
-0.0039008
3.60903
-0.0555233
2.26413
0
0
0
-0.00523826
3.65185
-0.066873
2.14107
0
0
0
-0.00680887
3.69202
-0.0785305
2.00869
0
0
0
-0.00861531
3.72938
-0.0903222
1.86798
0
0
0
-0.0106573
3.76378
-0.102101
1.71987
0
0
0
-0.0129322
3.79509
-0.113746
1.56525
0
0
0
-0.0154356
3.82319
-0.125168
1.40497
0
0
0
-0.0181617
3.84798
-0.136305
1.2398
0
0
0
-0.0211042
3.86939
-0.147124
1.07048
0
0
0
-0.0242565
3.88735
-0.157614
0.897711
0
0
0
-0.0276122
3.90179
-0.16779
0.722129
0
0
0
-0.0311659
3.91267
-0.177682
0.544347
0
0
0
-0.0349127
3.91997
-0.18734
0.364946
0
0
0
-0.0388491
3.92366
-0.196821
0.184486
0
0
0
-0.042973
3.92373
-0.206194
0.00351013
0
0
0
-0.0472836
3.92018
-0.21553
-0.177445
0
0
0
-0.0517816
3.91303
-0.224902
-0.357843
0
0
0
-0.0564692
3.90229
-0.23438
-0.537142
0
0
0
-0.0613498
3.88799
-0.244028
-0.714786
0
0
0
-0.0664277
3.87019
-0.253898
-0.890199
0
0
0
-0.0717083
3.84893
-0.26403
-1.06277
0
0
0
-0.0771973
3.82429
-0.274445
-1.23187
0
0
0
-0.0829002
3.79636
-0.285145
-1.39682
0
0
0
-0.0888223
3.76522
-0.296107
-1.55689
0
0
0
-0.094968
3.73099
-0.307283
-1.7113
0
0
0
-0.10134
3.69381
-0.318594
-1.85924
0
0
0
-0.107939
3.65381
-0.329937
-1.99983
0
0
0
-0.114762
3.61117
-0.341176
-2.13216
0
0
0
-0.121805
3.56606
-0.352152
-2.25526
0
0
0
-0.129059
3.5187
-0.362681
-2.36815
0
0
0
-0.13651
3.4693
-0.372561
-2.46985
0
0
0
-0.144142
3.41812
-0.381582
-2.55938
0
0
0
-0.151932
3.3654
-0.389532
-2.63583
0
0
0
-0.159856
3.31143
-0.396208
-2.69834
0
0
0
-0.167885
3.25651
-0.401428
-2.74619
0
0
0
-0.175986
3.20093
-0.405039
-2.77876
0
0
0
-0.184124
3.14502
-0.406931
-2.79565
0
0
0
-0.192265
3.08909
-0.407041
-2.79663
0
0
0
-0.200372
3.03345
-0.405358
-2.78167
0
0
0
-0.208411
2.97843
-0.401923
-2.75096
0
0
0
-0.216347
2.92434
-0.396828
-2.70488
0
0
0
-0.224152
2.87146
-0.39021
-2.64399
0
0
0
-0.231796
2.82008
-0.382241
-2.56901
0
0
0
-0.239259
2.77046
-0.373119
-2.48077
0
0
0
-0.24652
2.72286
-0.363055
-2.38019
0
0
0
-0.253565
2.67749
-0.352267
-2.26825
0
0
0
-0.260385
2.63457
-0.340964
-2.14595
0
0
0
-0.266971
2.59429
-0.32934
-2.01429
0
0
0
-0.273323
2.5568
-0.317571
-1.87423
0
0
0
-0.279439
2.52227
-0.305805
-1.72672
0
0
0
-0.285322
2.49082
-0.294164
-1.57265
0
0
0
-0.290977
2.46256
-0.282739
-1.41287
0
0
0
-0.296409
2.4376
-0.271593
-1.24816
0
0
0
-0.301624
2.41601
-0.260763
-1.07925
0
0
0
-0.306629
2.39787
-0.250259
-0.906857
0
0
0
-0.311431
2.38324
-0.240069
-0.731611
0
0
0
-0.316034
2.37216
-0.230163
-0.554128
0
0
0
-0.320444
2.36466
-0.220494
-0.374993
0
0
0
-0.324664
2.36076
-0.211005
-0.194766
0
0
0
-0.328696
2.36048
-0.201627
-0.0139915
0
0
0
-0.332542
2.36382
-0.19229
0.166793
0
0
0
-0.336201
2.37076
-0.182921
0.347052
0
0
0
-0.33967
2.38128
-0.173451
0.526244
0
0
0
-0.342946
2.39536
-0.163815
0.703812
0
0
0
-0.346025
2.41294
-0.153961
0.87918
0
0
0
-0.348902
2.43398
-0.143849
1.05175
0
0
0
-0.351571
2.4584
-0.133456
1.22087
0
0
0
-0.354027
2.48611
-0.12278
1.38589
0
0
0
-0.356264
2.51704
-0.111842
1.54606
0
0
0
-0.358277
2.55105
-0.10069
1.70063
0
0
0
-0.360065
2.58802
-0.0893984
1.84878
0
0
0
-0.361627
2.62782
-0.0780711
1.98962
0
0
0
-0.362964
2.67026
-0.0668403
2.12226
0
0
0
-0.364081
2.71518
-0.055865
2.24573
0
0
0
-0.364987
2.76236
-0.0453269
2.35906
0
0
0
-0.365696
2.81158
-0.0354256
2.46126
0
0
0
-0.366223
2.86261
-0.0263711
2.55136
0
0
0
-0.366591
2.91518
-0.0183749
2.62843
0
0
0
-0.366824
2.96901
-0.0116399
2.69164
0
0
0
-0.366951
3.02382
-0.00634901
2.74022
0
0
0
-0.367004
3.07929
-0.00265525
2.7736
0
0
0
-0.367017
3.13511
-0.00067161
2.79133
0
0
0
-0.367027
3.19098
-0.000463872
2.79317
0
0
0
-0.367067
3.24656
-0.00204608
2.7791
0
0
0
-0.367175
3.30155
-0.00537944
2.74929
0
0
0
-0.367383
3.35563
-0.0103748
2.7041
0
0
0
-0.36772
3.40851
-0.0168986
2.6441
0
0
0
-0.368216
3.45991
-0.0247807
2.56997
0
0
0
-0.368893
3.50956
-0.0338255
2.48256
0
0
0
-0.369769
3.55722
-0.0438218
2.38277
0
0
0
-0.37086
3.60265
-0.0545546
2.27157
0
0
0
